;Green
0 0 0 	0
0 0 0 	0
0 0 0 	0
0 0 0 	0
0 1 1 	3
0 1 1 	3
0 1 1 	3
0 1 1 	3
1 0 0 	4
0 0 0 	0
0 0 0 	0
0 0 0 	0
1 1 1 	7
1 1 1 	7
1 1 1 	7
1 1 1 	7
;Red
0 0 0 	0
0 0 0 	0
0 1 1 	3
0 1 1 	3
0 0 0 	0
0 0 0 	0
0 1 1 	3
0 1 1 	3
1 1 1 	7
0 0 0 	0
1 1 1 	7
1 1 1 	7
0 0 0 	0
0 0 0 	0
1 1 1 	7
1 1 1 	7
;Blue
0 0 0	0
0 1 0	2
0 0 0	0
0 1 0	2
0 0 0	0
0 1 0	2
0 0 0	0
0 1 0	2
0 1 0	2
1 1 1	7
0 0 0	0
1 1 1	7
0 0 0	0
1 1 1	7
0 0 0	0
1 1 1	7

0 0 0
0 0 2
0 3 0
0 3 2
3 0 0
3 0 2
3 3 0
3 3 2
4 7 2
0 0 7
0 7 0
0 7 7
7 0 0
7 0 7
7 7 0
7 7 7